Unsorted data: [ 64  51  97  52  46  99  31  99  88  46  79  54  36  82  71  28  51  25
  42  80  65  22  81  16  68  85  12  58  77  51  56  73  76  83  44  41
  78  35  15  25  66  25  81  38  69  61  92  36  68  57  10  79  53  16
  19  19  60  91  92  67  56  50  94  77  26  47  61  68  22  22  82  55
  58  22  97  38  70  61  87  82  77  83  14  87 100  73  76  14  70  45
  49 100  63  61  35  98  78  22  35  60]
Sorted data: [10, 12, 14, 14, 15, 16, 16, 19, 19, 22, 22, 22, 22, 22, 25, 25, 25, 26, 28, 31, 35, 35, 35, 36, 36, 38, 38, 41, 42, 44, 45, 46, 46, 47, 49, 50, 51, 51, 51, 52, 53, 54, 55, 56, 56, 57, 58, 58, 60, 60, 61, 61, 61, 61, 63, 64, 65, 66, 67, 68, 68, 68, 69, 70, 70, 71, 73, 73, 76, 76, 77, 77, 77, 78, 78, 79, 79, 80, 81, 81, 82, 82, 82, 83, 83, 85, 87, 87, 88, 91, 92, 92, 94, 97, 97, 98, 99, 99, 100, 100]

Lower(first) quartile = 36.5
Upper(third) quartile = 78.75

90-th percentile = 91.9

Standart Deviation = 25.280615003387382
Average Deviation = 21.24319999999999

a = 0.1189343482397716
b = 88.10656517602284
Result marks: [89.29590865842056, 89.5337773549001, 89.77164605137965, 89.77164605137965, 89.89058039961941, 90.00951474785919, 90.00951474785919, 90.3663177925785, 90.3663177925785, 90.72312083729781, 90.72312083729781, 90.72312083729781, 90.72312083729781, 90.72312083729781, 91.07992388201713, 91.07992388201713, 91.07992388201713, 91.1988582302569, 91.43672692673644, 91.79352997145575, 92.26926736441484, 92.26926736441484, 92.26926736441484, 92.38820171265462, 92.38820171265462, 92.62607040913416, 92.62607040913416, 92.98287345385347, 93.10180780209325, 93.33967649857279, 93.45861084681256, 93.57754519505234, 93.57754519505234, 93.6964795432921, 93.93434823977165, 94.05328258801143, 94.17221693625119, 94.17221693625119, 94.17221693625119, 94.29115128449097, 94.41008563273074, 94.5290199809705, 94.64795432921028, 94.76688867745005, 94.76688867745005, 94.88582302568982, 95.00475737392959, 95.00475737392959, 95.24262607040913, 95.24262607040913, 95.3615604186489, 95.3615604186489, 95.3615604186489, 95.3615604186489, 95.59942911512846, 95.71836346336822, 95.837297811608, 95.95623215984777, 96.07516650808753, 96.19410085632731, 96.19410085632731, 96.19410085632731, 96.31303520456709, 96.43196955280685, 96.43196955280685, 96.55090390104662, 96.78877259752616, 96.78877259752616, 97.14557564224549, 97.14557564224549, 97.26450999048525, 97.26450999048525, 97.26450999048525, 97.38344433872503, 97.38344433872503, 97.50237868696479, 97.50237868696479, 97.62131303520457, 97.74024738344434, 97.74024738344434, 97.85918173168412, 97.85918173168412, 97.85918173168412, 97.97811607992388, 97.97811607992388, 98.21598477640343, 98.45385347288297, 98.45385347288297, 98.57278782112274, 98.92959086584206, 99.04852521408182, 99.04852521408182, 99.28639391056137, 99.64319695528069, 99.64319695528069, 99.76213130352046, 99.88106565176022, 99.88106565176022, 100.0, 100.0]


Stem-Leaf Diagram
1 	| 	0 2 4 4 5 6 6 9 9 
2 	| 	2 2 2 2 2 5 5 5 6 8 
3 	| 	1 5 5 5 6 6 8 8 
4 	| 	1 2 4 5 6 6 7 9 
5 	| 	0 1 1 1 2 3 4 5 6 6 7 8 8 
6 	| 	0 0 1 1 1 1 3 4 5 6 7 8 8 8 9 
7 	| 	0 0 1 3 3 6 6 7 7 7 8 8 9 9 
8 	| 	0 1 1 2 2 2 3 3 5 7 7 8 
9 	| 	1 2 2 4 7 7 8 9 9 
10 	| 	0 0 

Key: 10